20 100
-17 99 3 8 -99 83 65 -89 59 -4 63 68 41 -4 -61 72 37 30 -28 -73
87 18 -4 -63 -66 24 -48 17 -56 4 90 9 -39 -52 -15 -47 98 -93 -26 17
49 -91 7 4 -80 98 -82 50 43 78 83 94 -11 -49 -19 9 -76 -9 -92 -12
-34 57 1 -87 27 98 11 -21 -42 -18 29 60 -86 -35 -38 -91 13 -86 -49 -36
80 -9 -63 99 -69 47 86 72 -67 -86 90 -3 -86 -56 50 13 59 24 30 -61
-53 -1 50 76 37 -96 79 95 86 -85 -88 91 80 -61 -80 10 4 0 -59 15
5 -39 24 -28 -93 -64 -13 -31 -88 -5 2 49 47 -84 6 -68 -12 -7 -11 -95
83 -26 21 73 86 -44 -35 -8 14 94 50 16 94 98 -19 1 45 37 -31 69
-48 73 33 91 87 83 -59 56 -90 -38 69 -92 -10 92 -89 46 -77 3 21 -28
77 13 -67 -47 -60 22 -92 3 72 -87 -98 32 -73 -80 -88 8 72 -85 -86 -92
-4 3 -25 -29 -23 64 91 43 58 -28 -88 -91 -43 -31 -12 -67 -81 88 34 -8
-20 -44 -29 3 -39 -74 -33 36 55 21 -72 41 -50 39 -25 55 57 18 88 -75
76 18 -57 -79 -7 -98 24 24 59 -84 -65 77 4 -43 38 93 27 73 77 43
68 -60 67 -94 -79 54 82 85 88 5 37 -17 70 22 -36 -44 -25 -51 -68 -9
-33 -13 -3 66 95 -98 47 -92 -57 80 66 -8 53 7 93 -85 -30 -39 -10 83
-87 11 -46 -63 47 -67 -95 58 -63 -90 -53 28 27 48 -47 -8 -85 -94 20 13
37 -78 36 -57 2 -47 -16 -90 -59 -65 5 29 79 15 66 -65 -5 23 -26 36
89 -20 -17 90 5 37 -52 54 -30 -55 -9 -60 19 36 35 -18 82 35 -10 95
-13 16 -22 -61 -15 -75 81 -43 10 96 -73 -8 -40 -51 -32 -34 43 -40 -60 78
-54 -73 5 -84 -22 -6 59 28 43 -21 -87 38 -94 -30 -93 -83 73 46 -14 74
