32 100
42 -53 -20 -1 99 54 -94 20 -32 -27 -12 65 -48 -67 13 0 -4 24 -42 -26 3 14 -40 -97 47 86 -26 76 57 -80 -86 -77
50 -39 4 -73 -44 -55 12 57 46 34 -48 45 -37 90 -19 -75 60 -11 -93 -10 -60 -40 67 98 -33 -60 91 21 94 26 -47 -38
-64 -93 -52 77 -76 21 -13 71 57 -12 -83 -1 57 46 -57 -88 91 64 21 -61 -26 -12 73 29 61 75 20 92 -55 -4 35 -47
-35 82 82 5 43 0 -80 26 69 -11 -19 -4 -5 89 63 90 -71 31 -3 39 17 -5 56 -42 -95 -4 -52 -43 -95 33 54 -6
16 -50 -74 57 99 -41 -56 84 -33 88 -43 33 80 -62 23 -11 -40 97 -92 39 61 -94 75 -56 21 -97 -89 -57 -47 36 12 -26
-17 -67 40 -85 25 68 -92 69 -23 -32 -98 41 -36 -63 -51 64 47 35 70 -53 -88 73 33 -25 11 90 -78 44 14 -65 -44 -85
36 16 -32 -83 95 64 38 -66 9 -63 51 8 44 -2 -56 33 71 44 -82 -97 50 -50 14 35 88 17 40 48 90 -48 -18 -34
27 -50 96 -66 -66 -19 75 -39 -19 -65 -43 -80 62 58 27 78 -79 -45 -73 40 -27 11 -55 -95 81 -96 -28 70 64 73 30 -60
85 -22 -74 32 43 -58 3 93 95 63 11 -43 -25 20 61 42 30 -40 21 -43 -77 -30 -64 -39 27 -1 -65 25 -35 49 85 -88
18 -93 2 74 -62 -27 -79 73 28 53 56 97 -51 13 -45 -36 -17 -54 35 46 85 -39 73 -26 -88 -19 -7 -45 -34 -9 -85 84
-18 39 -83 -82 -56 -76 36 -97 5 -3 -20 -83 96 63 63 13 -25 98 51 97 -5 85 89 45 65 93 -77 96 51 39 61 59
76 -27 42 14 68 78 73 -18 -70 86 -21 47 13 27 54 -46 -57 -36 64 94 -70 5 -35 4 -36 70 -55 83 23 -36 -16 31
81 4 -6 -52 -4 -54 -65 36 50 69 -99 56 -31 54 40 13 40 -83 -21 -48 -17 79 -76 11 31 14 62 78 -41 -36 -83 58
55 -12 -98 -36 -41 -2 33 58 -36 -3 33 37 -85 -7 -84 13 -33 29 -50 45 -9 28 35 -46 -99 52 -13 -90 -52 0 9 61
4 12 -58 -96 67 72 95 -32 -56 -57 -17 -54 14 51 16 40 -34 67 39 -53 -61 69 83 -17 21 9 81 -72 93 -68 -78 23
76 -76 -66 -65 -24 -33 29 -54 77 -51 -69 3 -23 68 60 -26 28 96 -41 -41 19 -19 -36 -21 -82 -61 81 18 45 44 -37 -76
36 1 78 93 -44 -92 -82 36 -3 -52 -29 -44 57 -87 77 92 88 -59 -68 -22 -90 -93 19 83 -3 56 -93 -73 -68 -14 84 3
-8 18 22 72 86 -48 92 81 81 -95 46 82 -74 14 -55 -65 95 -78 -39 32 95 -51 -99 36 77 9 -80 -70 -41 -96 -47 34
-67 -90 -10 29 -5 -16 63 -17 56 -54 8 54 59 -35 -17 -31 -56 56 93 -59 12 -25 -90 -96 -78 70 -69 31 80 -31 -55 -85
57 42 -80 -14 -11 -80 -12 -92 -76 -38 -42 9 84 -11 92 61 7 59 -43 56 -95 80 -76 -49 -92 11 62 97 -5 54 83 7
-19 -58 60 90 53 -97 -67 83 99 -64 39 -55 41 67 -47 3 70 5 25 -72 -36 -8 3 35 23 31 -51 -7 14 -77 39 71
-7 -99 43 22 -16 -28 80 65 14 -50 -24 -78 -86 17 -42 -81 0 -68 -50 29 -71 -4 -83 12 71 25 -63 -26 -4 -28 61 -8
-66 -30 9 -13 60 -70 -11 8 -26 -20 -62 63 97 13 12 58 72 40 29 -32 -52 8 15 65 -68 -16 20 -36 76 23 -90 -11
-14 -34 -53 -76 39 75 -67 -7 32 32 9 23 -64 -7 -2 -61 -88 92 74 11 -82 43 91 44 30 -70 -30 78 -63 66 -75 4
-55 66 21 31 85 -65 96 99 -76 9 -16 -20 -16 -74 -85 -65 19 -50 8 -45 12 74 57 -79 -59 44 4 31 73 -86 -40 49
-44 76 48 -96 51 -2 -89 -1 -75 -27 -30 -86 9 75 -63 20 -87 97 65 61 88 40 65 -64 47 -60 -12 -69 -74 78 47 -73
37 -32 82 -1 -5 -82 52 96 -72 17 52 -70 -7 67 17 97 -83 55 -4 51 76 42 -86 -76 14 56 28 15 13 -31 65 -31
90 4 31 -28 -11 41 -88 -10 -30 67 99 65 -7 89 -40 -4 39 -97 59 -23 56 73 49 -86 51 67 84 -16 2 86 -64 -28
29 13 -89 69 52 79 -11 74 98 -62 22 16 -51 27 76 11 33 80 94 84 -79 94 97 64 -86 69 87 67 -95 31 96 -5
45 -81 49 6 84 -29 32 73 -21 -54 -90 79 11 61 60 31 -4 -72 -78 -49 -28 91 -73 65 -95 58 19 -43 -57 98 28 91
75 74 23 86 -72 19 36 -94 16 31 -33 -57 77 66 48 74 -26 78 6 81 -4 -51 -11 67 2 -6 39 7 21 -55 60 -89
5 61 -13 84 38 -44 -28 87 31 -95 43 93 -10 -50 25 23 -45 -5 57 -22 52 45 44 17 -65 -71 -46 -31 55 -11 -35 -33
