24 100
10 -79 -95 18 34 -77 -42 -92 85 29 74 23 -21 -98 -95 -56 -69 41 91 74 72 89 -12 69
14 -58 14 -45 23 41 86 88 -29 -61 8 -95 27 -24 -75 -2 -18 -80 -69 81 -32 28 71 -27
6 82 19 -55 11 73 -69 -62 68 87 -92 18 -21 -1 38 60 52 -75 -47 -29 -94 36 -42 -46
22 34 -51 -51 -19 -64 80 66 -84 75 -48 87 75 -75 72 -13 34 8 -37 10 46 -77 -75 68
-94 94 53 -25 -40 -74 96 -35 -67 22 -53 -60 38 -8 52 90 94 69 42 -58 46 -2 -8 -10
26 -16 35 -5 -64 -21 9 -42 91 -3 -32 -28 -69 60 -80 -82 -44 65 19 -1 7 -35 -8 73
-37 41 -9 42 20 -93 9 79 10 -40 -6 -69 4 0 32 71 -49 40 -30 -24 0 -12 22 62
-23 68 76 -99 -65 82 45 2 -15 32 -90 87 70 62 59 88 60 8 -12 -60 -79 77 -51 -20
71 -37 11 -32 67 -18 80 8 61 3 39 -87 -89 35 40 98 5 78 -78 -64 -17 70 88 74
-35 63 -88 38 66 -31 -10 -50 20 -34 -79 20 76 47 -88 64 -14 37 -92 68 -59 -23 83 -58
-89 -54 32 76 58 2 -11 -73 24 58 -63 7 -65 23 -61 10 9 -87 -57 -28 -54 52 83 33
42 -67 94 94 8 57 -41 9 -95 -5 -77 -36 41 54 67 95 -80 -15 -82 -11 1 56 -83 -46
94 -71 -66 21 46 58 39 15 -33 -87 -39 15 10 20 65 8 -99 -83 88 8 54 21 -26 -3
43 -33 -81 86 48 76 62 0 49 70 -39 -69 58 -8 37 -63 72 -66 75 83 86 74 80 7
-7 63 -29 -10 -64 92 38 -63 98 -12 84 36 -24 24 -8 1 89 -14 -28 92 39 39 -54 -44
-10 76 90 -87 27 -44 -41 -30 -13 -14 25 -88 -31 55 4 57 -95 31 38 -1 -71 -35 -63 -99
-57 -9 59 -74 96 53 -84 -7 59 22 0 -51 64 65 70 -41 1 -40 48 76 -53 89 -41 -10
-76 5 83 35 28 -34 -64 8 -82 61 63 14 -85 78 -27 -3 -69 43 16 -2 77 -4 -5 61
67 -7 -79 82 45 -93 70 1 -68 84 -1 99 -89 18 -89 61 -32 -33 -98 35 22 23 26 12
-94 13 90 97 -75 -59 62 65 -6 -44 -67 22 16 13 -13 48 17 -96 -84 -91 -9 44 -71 93
28 11 -95 98 -2 58 -5 -86 60 -3 58 44 -88 -47 -57 -83 -28 45 -12 84 59 -87 99 53
47 92 -28 8 -70 95 2 -99 -58 21 16 -59 62 86 78 69 53 -76 99 67 -12 13 -11 -6
36 -8 -64 88 21 -98 81 35 70 -54 -13 42 -98 19 22 -25 0 92 58 60 18 68 -46 80
-14 51 72 23 -51 -97 -33 -30 0 51 -95 14 -77 -58 82 41 -91 -47 60 82 -11 58 26 -31
