16 10
-45 -25 -22 -19 45 -3 -8 -1 -4 -47 0 -48 3 27 36 30
-8 24 -4 0 -16 -18 -38 -2 -4 -32 31 3 -15 -16 25 -46
-11 20 -44 14 -5 -15 13 -25 9 -50 24 -45 -42 26 -48 -8
-29 19 -24 27 -5 -42 10 2 47 -46 -11 41 -50 -19 -26 -17
50 -2 -50 5 37 14 34 -12 28 3 -8 -50 -41 33 -29 -22
3 40 -37 -36 8 -17 10 -49 44 -32 22 -8 -41 36 -33 -46
5 18 -25 -9 6 48 48 19 17 -8 -37 -30 37 50 -15 0
-23 26 15 -22 -9 6 11 24 -17 -26 9 0 39 -13 -44 -1
36 -16 -42 -45 18 -37 -15 -24 -26 -46 12 8 33 35 -50 -46
-44 30 30 -30 -6 -21 38 47 34 -4 15 -2 -44 -40 -28 -37
16 24 -16 -25 -35 2 -20 -29 12 -33 -23 38 38 -3 45 38
33 42 48 37 0 2 33 26 -50 5 29 -2 -29 14 8 9
-15 20 31 6 26 21 13 -16 -46 -27 28 25 -34 45 48 -39
-13 20 -41 -40 -11 -24 2 27 18 29 40 19 11 -4 -10 10
34 -38 -22 -50 11 -34 1 -36 -24 -47 -44 26 15 -8 -10 -38
-16 4 -42 -47 7 -36 42 -40 -34 33 -25 -44 37 28 37 41
