32 5000
-660 -79 773 -612 -617 -620 -554 -584 428 941 607 -149 -790 -896 -835 -344 663 -346 517 -279 167 -314 133 603 726 -796 -789 -725 -953 -814 -96 -541
179 -250 -153 634 129 292 -950 -442 306 729 481 516 906 646 -755 642 -627 834 -636 539 -407 496 215 -681 772 425 -334 819 683 569 -722 -64
-681 197 -430 521 -438 -307 -848 868 -578 632 457 -599 351 774 -956 723 608 -593 336 -726 975 -449 -335 748 -950 330 567 805 -28 917 -259 290
188 311 -116 749 -996 35 690 -502 -259 147 -101 -908 -79 -58 888 -398 348 297 -52 323 920 612 144 -957 -58 -216 848 913 -225 -411 277 962
899 -766 711 975 269 475 -526 -990 -378 372 -826 616 -686 -938 -709 734 431 239 57 352 -76 -725 394 939 58 242 852 832 904 202 794 803
436 579 852 -295 54 -674 -213 748 697 -40 364 -916 95 728 817 -474 40 -53 877 -963 221 345 975 -720 -340 901 -888 -436 103 979 -559 -388
558 -707 389 -315 -309 -824 -567 -612 209 870 -456 -696 671 -639 -171 -216 307 -220 -180 -398 -802 -204 -119 -143 -303 65 494 872 117 934 -515 -252
-700 946 432 -10 -877 938 450 404 881 993 707 552 -646 -391 -664 733 461 155 -665 658 950 288 -484 -280 -646 -990 -407 470 -983 150 -781 -684
96 723 378 291 661 -172 -305 542 -179 -525 167 247 84 502 -20 -455 -269 388 -723 -246 -324 -208 474 29 -126 -860 -427 -37 289 -136 351 -542
-413 -271 749 -678 629 -483 863 -550 -8 31 769 -924 -394 -178 -307 336 -790 -31 -909 -114 833 637 987 -220 776 -440 815 138 423 166 595 -916
967 344 -595 596 934 -659 -881 -74 444 887 74 -949 -290 839 386 -8 -191 549 877 -285 186 865 568 35 -575 383 -827 921 -377 768 -995 -410
185 -518 -813 119 -178 -695 -882 -733 -734 191 -610 48 31 775 -960 912 398 917 -373 -343 855 -805 692 -647 651 864 -726 -726 705 -649 -137 -109
-168 122 -917 727 500 -799 -933 765 391 -544 -114 -505 -696 -75 -593 701 -85 107 -641 -230 374 -949 123 25 987 469 371 693 820 -765 -416 -275
429 -261 -548 -71 -61 -409 -233 -596 46 652 -102 350 -349 378 51 565 -515 482 -664 931 532 531 -43 593 0 -599 286 -107 -292 869 618 -862
-319 -857 66 620 -266 906 -976 852 558 -6 202 -791 -628 -673 847 -71 808 -744 -139 414 786 890 7 -141 -709 -707 752 -1 -765 443 209 -85
658 -652 -392 -535 -746 -296 -682 885 698 519 -833 -857 918 -986 145 727 -731 -921 214 -872 -958 -706 -13 -668 -341 -188 403 -34 -672 -388 953 985
-40 -438 -549 286 265 -232 171 36 -640 338 252 -648 424 -530 -848 766 -452 365 893 -411 731 -47 -7 -610 837 -530 355 -835 81 308 -776 -886
869 -326 473 208 514 -356 -683 946 -945 641 -702 552 -889 -551 318 -269 886 284 392 617 -689 -541 -993 -852 -72 434 -614 -918 -257 -391 -731 -315
355 741 965 -58 -542 -717 -112 -414 996 259 -862 -819 707 528 -16 667 -188 -623 284 195 -92 364 416 835 -202 801 989 613 -517 -742 -701 837
-928 -736 -221 -470 -381 739 115 -384 -2 325 -131 -221 -74 852 -554 810 -698 729 6 209 166 -578 117 964 -704 107 577 -222 437 948 -312 509
-714 539 -888 -96 278 299 592 -650 -376 -539 128 549 -613 646 359 -312 448 -562 897 -385 -141 87 -348 227 -806 -771 -995 704 -749 -235 213 -464
-623 324 512 728 -377 178 -922 319 711 278 -59 -902 -76 -627 -214 -628 -189 -244 -14 742 842 637 -30 -890 939 47 813 -810 885 26 -202 -738
-577 -690 989 118 487 -933 -490 199 344 450 296 -732 895 -845 -287 -294 -90 698 -478 -174 409 491 -65 348 -389 -252 610 -504 846 -519 -169 -731
-210 -180 459 -649 -40 968 622 -623 491 -9 -282 386 146 430 -834 -871 128 -313 -46 -463 -749 888 957 -139 -291 640 430 -445 -879 -739 -104 -89
153 -645 334 -887 -604 -44 -510 886 946 280 346 92 -290 511 294 837 -802 -752 -552 -552 -790 -522 381 -82 -881 -116 473 -761 217 -631 222 -629
-203 -371 -444 265 584 118 225 531 -602 -429 -304 107 -918 -937 18 -648 -689 538 -201 -480 -984 -747 510 -866 210 -17 -554 -573 425 740 -130 -705
-630 426 559 953 -383 -216 557 15 427 -673 -805 508 -611 212 859 -228 -177 -269 291 -161 57 -125 45 -733 930 563 -307 428 304 636 722 673
62 355 699 751 -788 257 -161 639 583 34 147 -955 -681 80 -183 142 810 -819 -946 -133 55 98 133 -14 -338 899 -586 -961 535 -790 711 -330
637 410 -579 848 -260 333 487 -604 -633 -292 -559 -242 787 330 972 670 510 -974 -389 -361 197 743 624 931 715 -889 969 250 -607 753 992 -970
236 -513 951 976 819 438 -555 -741 -781 -115 16 -921 -712 -11 749 798 87 -567 -563 -643 -751 -866 -712 964 -683 -670 287 -217 -917 280 -188 392
839 -164 368 658 -725 812 916 -434 -229 -68 -355 58 993 -533 -71 154 -101 438 510 147 571 871 184 961 -799 -528 -256 -643 824 628 748 663
-535 189 394 -188 74 310 450 917 -685 -832 49 -618 -366 -949 535 605 489 118 -174 133 -11 -917 94 263 -373 910 692 -549 539 513 -813 -923
