24 100
-38 -15 -63 19 -11 -28 -28 97 -68 -44 49 44 31 -41 -60 82 34 -30 -19 33 -35 -78 -60 33
57 -78 -76 -15 -11 87 87 51 -28 -98 -30 37 -50 19 34 -19 51 -17 -97 -18 19 -81 -58 -70
-12 -1 39 29 20 78 -61 -45 76 -38 16 -35 -73 3 -84 -2 -19 -37 -87 8 81 46 65 9
-93 44 67 25 62 85 54 -73 -38 -30 55 81 -52 93 -87 -76 -67 28 -35 -41 -91 -42 33 -11
20 45 96 -22 -31 39 86 -25 -17 30 76 -77 16 7 -51 77 76 81 35 -99 51 48 -76 60
-24 -35 95 -16 22 29 50 -81 -49 23 -4 19 -38 -41 70 45 89 23 67 -18 -70 92 -41 82
50 93 82 -21 41 82 -61 94 -52 -65 -22 69 40 -95 88 90 28 -39 -13 66 -3 -43 -12 -37
80 -45 44 86 -75 -97 69 51 95 28 -70 14 11 -54 8 58 -43 62 4 96 67 -31 63 -28
30 -73 -62 -96 -16 26 -34 -59 57 -90 -96 58 88 72 10 60 1 16 -26 88 61 58 23 94
21 -73 67 -35 -4 31 36 -97 57 50 -94 -82 -47 -29 -65 -89 -43 -61 45 -55 87 -45 -95 -35
71 -44 -70 9 -86 52 4 11 79 -29 75 -48 78 -12 -69 13 -84 -64 7 -32 -17 19 -45 39
34 -99 60 21 -68 41 63 79 96 92 -11 87 22 69 -2 -22 -83 -49 29 95 38 59 -15 30
71 91 98 -46 -13 -70 69 -79 -70 6 19 -61 -76 -41 -82 -79 -49 -17 84 49 -48 -18 -73 -31
32 55 -59 -52 -9 2 77 -61 -30 52 -31 57 82 -85 77 88 20 -4 -73 44 31 -55 41 82
27 25 8 56 83 35 -98 -7 -10 -81 40 58 20 -6 96 89 -76 -34 46 82 -20 1 70 77
73 74 -2 5 95 -61 -36 22 40 71 -45 23 6 -44 -84 73 -26 32 8 70 -96 4 60 -96
46 -17 85 -96 83 55 57 34 6 -45 -61 1 -30 -21 -99 -90 -50 -45 9 33 -12 2 6 38
-89 90 9 90 -29 -31 93 -82 28 78 97 12 11 54 -77 -83 85 -39 18 -45 39 -5 -59 65
49 49 -2 -86 -72 80 52 -61 70 -39 -71 -58 6 -77 -64 -89 77 -67 -1 -12 63 21 -18 48
81 76 79 -3 -29 -80 -37 96 45 37 87 73 18 39 88 -35 76 -83 6 -41 -84 41 -31 70
50 68 -65 -10 -11 16 -62 -52 -31 93 21 16 -87 60 -10 35 -2 -23 8 92 -84 -27 -43 68
-11 40 -73 -18 -42 -28 -48 -91 -60 -14 -2 6 79 13 30 -52 6 -49 41 -4 -88 -69 -69 -14
7 15 -45 -1 87 11 -33 -47 -72 -30 11 -14 41 62 -6 81 -74 68 -36 81 -42 93 -94 41
-56 46 -86 -68 76 -79 17 -40 35 71 58 -1 -40 -98 28 -13 -29 -60 72 -87 78 -57 70 80
