15 50
-93 -59 27 -28 -10 28 -20 -44 -21 -86 -79 -28 -8 -85 -47
-93 -55 -72 12 15 -25 -19 -40 -24 -89 8 -58 -45 -60 36
-73 -54 -63 -96 28 27 31 -32 -67 -29 -18 -37 42 -66 -23
-45 -60 32 -8 -88 -3 -82 -8 -82 3 2 25 45 -93 -85
41 -56 -29 -72 -53 -41 -85 -61 26 -43 19 -32 19 21 1
-53 -74 -99 -71 17 -88 35 44 4 -97 -2 -34 38 3 -27
-87 4 16 -17 31 -77 -98 -93 -29 38 -37 -60 -44 -67 -89
-82 -11 -54 -82 27 -76 -70 12 -72 43 25 25 -41 13 -12
41 25 -58 17 -31 -66 -99 -20 -60 -29 -32 12 21 34 44
41 -88 -17 -52 -71 -30 -29 -32 -67 -2 -29 -92 -16 40 30
-68 31 15 -16 9 -66 17 9 24 -83 -60 -58 28 -89 -64
33 -97 -53 -24 -50 -14 46 30 -96 -61 -12 -15 -44 -68 -25
-64 -36 -44 -99 47 -85 -55 24 33 -81 -99 -76 -40 28 -56
-4 21 -54 -97 -52 5 -12 -46 -5 -8 -8 -66 -63 47 -25
11 -67 38 -73 -57 45 -48 -13 29 -65 5 29 -42 -74 8
