16 100
-32 -89 -90 46 -47 38 6 -92 19 32 -79 -93 -34 29 -41 -3
49 17 -87 -79 46 27 -81 -63 81 50 40 -18 40 -21 72 -92
-34 81 31 -5 -4 -86 3 -85 45 0 98 87 -94 -66 -16 54
27 -26 52 -50 77 70 -14 58 21 -74 -83 -62 -19 88 -77 47
47 53 -81 -80 43 21 -88 -12 97 -90 -47 -97 -80 36 34 24
86 -14 73 63 -44 -63 -2 53 -61 -8 91 20 -43 90 -56 -96
20 -38 -76 -37 60 -88 50 34 97 79 14 -83 -7 -52 17 -21
33 -9 -80 65 4 -6 -4 42 85 -36 -61 -57 -46 -41 -77 73
21 -77 -64 -42 -66 62 91 -69 42 -18 -75 -65 29 41 -10 -61
-91 9 -95 12 -96 -23 -68 65 40 -53 -92 93 6 -92 66 -96
-70 78 -39 -59 40 -71 -29 -41 11 -5 -30 -83 -86 60 -44 -78
-54 -40 11 -74 36 19 91 -47 65 75 -54 -29 82 88 -26 89
66 11 -70 -17 17 0 19 -95 72 88 -79 85 25 -24 83 71
12 -29 73 -75 89 64 -23 55 17 -1 -97 -1 -13 -46 -35 -70
64 -6 -10 -42 71 -91 -38 43 73 -17 5 -1 35 -12 -30 -52
36 -80 -28 25 84 26 -43 -22 -75 -40 76 -11 -10 -81 -5 -69
