20 100
58 -87 -48 -51 -12 -14 -46 -74 -93 -4 -43 -13 -71 -48 -73 70 -87 -13 -77 90
-45 -81 -26 -46 65 -24 -60 -37 -45 62 45 89 74 73 -62 -61 -40 -32 -58 -34
63 -2 29 69 49 55 39 61 -58 61 29 -26 56 79 4 -1 -45 43 61 -14
6 -17 -24 -43 -43 13 -27 -7 58 14 35 21 88 -36 -33 37 95 -94 -24 -85
44 81 -35 -23 60 68 75 91 12 37 -22 94 96 53 -72 -70 -57 0 22 -99
90 -66 -1 78 -26 65 16 -30 71 68 -39 -8 49 25 68 -14 -7 44 -23 81
-42 54 52 -69 -16 80 -39 27 -43 59 27 -52 70 -74 -97 -56 91 -5 13 39
-37 50 -92 88 -25 75 -49 45 -4 28 3 30 -41 -44 38 43 -87 98 -30 -54
34 73 -30 4 99 -27 48 67 67 -62 -17 -92 88 -33 95 -60 -81 -53 84 15
51 -35 -78 -90 -3 59 29 -14 34 98 31 -54 49 78 49 25 -49 -26 -8 94
12 51 -98 -23 -82 74 16 -64 97 -22 27 48 19 26 34 -84 -38 -36 1 73
-61 -91 -81 87 63 67 12 90 -81 80 85 30 8 63 83 25 37 -24 38 11
53 -58 -41 -51 44 70 -36 -93 -66 41 79 -28 27 74 -63 -10 41 25 -19 59
6 -34 -34 -86 -94 -74 16 20 2 -69 -69 -45 -51 -33 -19 93 -63 44 76 -30
-14 32 18 -87 6 31 -21 -76 -43 59 60 39 -98 -97 29 -92 -71 -55 4 30
-48 34 61 -22 77 -58 -29 -86 86 -76 -40 -51 32 55 -62 -62 -14 16 -62 19
-47 97 -42 -46 -99 87 -62 -94 -91 41 35 -62 -47 -4 15 -93 15 62 -79 -22
85 -43 3 17 -88 40 31 -25 -67 45 93 -38 43 -71 16 20 -84 30 25 -76
-51 -63 -39 -22 9 52 -16 -76 14 -19 1 -1 38 -96 92 26 20 0 -99 30
-54 71 91 65 99 -16 -38 91 91 63 -85 -60 99 -47 -6 -15 -95 77 9 -4
